0 0.09357421875 0.22431640625 0.06529296875 0.05046875
0 0.1888671875 0.222890625 0.06126953125 0.04953125
0 0.28544921875 0.222421875 0.06265625 0.05046875
0 0.3833984375 0.21984375 0.061484375 0.05056640625
0 0.10322265625 0.3001953125 0.06068359375 0.04724609375
0 0.194609375 0.2993359375 0.061953125 0.04736328125
0 0.289453125 0.2987109375 0.06080078125 0.04908203125
0 0.38642578125 0.29841796875 0.061484375 0.0483984375
0 0.1114453125 0.37265625 0.05955078125 0.04666015625
0 0.201796875 0.37310546875 0.06126953125 0.0476953125
0 0.2950390625 0.3737890625 0.0601171875 0.045859375
0 0.3890625 0.37326171875 0.0608203125 0.0462109375
0 0.12017578125 0.4430078125 0.0576953125 0.0437890625
0 0.20720703125 0.443828125 0.05623046875 0.043671875
0 0.298828125 0.44439453125 0.05908203125 0.0444921875
0 0.3920703125 0.445546875 0.0579296875 0.0442578125
0 0.1253515625 0.510625 0.05748046875 0.04251953125
0 0.21345703125 0.51212890625 0.05712890625 0.042421875
0 0.3039453125 0.51287109375 0.0579296875 0.0423046875
0 0.39384765625 0.51458984375 0.05689453125 0.04265625
0 0.63544921875 0.2298828125 0.0769921875 0.06115234375
0 0.735234375 0.24982421875 0.0794140625 0.06125
0 0.83529296875 0.27021484375 0.07962890625 0.0618359375
0 0.93720703125 0.2915234375 0.08296875 0.06021484375
0 0.607421875 0.30595703125 0.07482421875 0.05802734375
0 0.70380859375 0.32669921875 0.07677734375 0.05802734375
0 0.8017578125 0.3465625 0.0789453125 0.05734375
0 0.90056640625 0.367578125 0.0798828125 0.05802734375
0 0.57990234375 0.37982421875 0.07275390625 0.05654296875
0 0.674453125 0.39953125 0.0730859375 0.05595703125
0 0.77072265625 0.4203125 0.07630859375 0.055625
0 0.86626953125 0.4412890625 0.07791015625 0.05630859375
0 0.553125 0.450078125 0.069765625 0.05388671875
0 0.64677734375 0.469609375 0.07216796875 0.05458984375
0 0.73994140625 0.4898828125 0.07400390625 0.054921875
0 0.83392578125 0.5101171875 0.07619140625 0.05619140625
0 0.528203125 0.5172265625 0.06884765625 0.05126953125
0 0.61861328125 0.53802734375 0.0716015625 0.0533203125
0 0.71064453125 0.5578515625 0.07193359375 0.05287109375
0 0.80234375 0.57634765625 0.073203125 0.05287109375
0 0.373671875 0.613515625 0.07193359375 0.05388671875
0 0.442890625 0.65515625 0.0746875 0.05263671875
0 0.51251953125 0.69634765625 0.076640625 0.0516015625
0 0.582421875 0.738046875 0.07435546875 0.0516015625
0 0.6498828125 0.77849609375 0.07548828125 0.05044921875
0 0.32060546875 0.6596875 0.07056640625 0.0530859375
0 0.3898828125 0.70140625 0.0708984375 0.0518359375
0 0.458984375 0.7420703125 0.0711328125 0.05240234375
0 0.52751953125 0.78205078125 0.07158203125 0.0516015625
0 0.5943359375 0.82185546875 0.07240234375 0.04861328125
0 0.26970703125 0.70708984375 0.0690625 0.05458984375
0 0.3382421875 0.7465625 0.06849609375 0.052734375
0 0.4067578125 0.78498046875 0.06814453125 0.0479296875
0 0.47375 0.82404296875 0.0689453125 0.0474609375
0 0.538671875 0.862421875 0.07216796875 0.044921875
0 0.22173828125 0.7490234375 0.06779296875 0.0490625
0 0.28888671875 0.78734375 0.06755859375 0.04873046875
0 0.3542578125 0.82794921875 0.07021484375 0.04802734375
0 0.421015625 0.86505859375 0.0690625 0.04677734375
0 0.4871875 0.90275390625 0.06861328125 0.04677734375