0 0.09919921875 0.16005859375 0.05818359375 0.04845703125
0 0.19458984375 0.15962890625 0.0576171875 0.04546875
0 0.29013671875 0.1594921875 0.05767578125 0.04529296875
0 0.38560546875 0.15787109375 0.05798828125 0.0466796875
0 0.1025 0.2337890625 0.05744140625 0.0453515625
0 0.19640625 0.23275390625 0.0576171875 0.04400390625
0 0.29083984375 0.23169921875 0.05896484375 0.044921875
0 0.38587890625 0.23130859375 0.0572265625 0.0449609375
0 0.104765625 0.30599609375 0.05669921875 0.04521484375
0 0.19787109375 0.30548828125 0.05638671875 0.04515625
0 0.29193359375 0.3047265625 0.05712890625 0.04400390625
0 0.38685546875 0.304296875 0.05849609375 0.04470703125
0 0.1064453125 0.37755859375 0.05615234375 0.0441796875
0 0.1081640625 0.44861328125 0.05712890625 0.04236328125
0 0.2932421875 0.37705078125 0.05767578125 0.04400390625
0 0.387890625 0.3763671875 0.05708984375 0.0449609375
0 0.20013671875 0.4478125 0.0575 0.04333984375
0 0.293984375 0.44693359375 0.05681640625 0.04376953125
0 0.38794921875 0.44732421875 0.056953125 0.04392578125
0 0.62544921875 0.16677734375 0.07076171875 0.0534375
0 0.71875 0.1844921875 0.0703515625 0.052890625
0 0.81228515625 0.2044140625 0.07060546875 0.05330078125
0 0.90708984375 0.2221875 0.07294921875 0.0527734375
0 0.59953125 0.23814453125 0.070859375 0.05509765625
0 0.69283203125 0.2556640625 0.07099609375 0.052890625
0 0.78599609375 0.27427734375 0.07228515625 0.0531640625
0 0.88013671875 0.29400390625 0.07255859375 0.05318359375
0 0.57400390625 0.30884765625 0.07060546875 0.0558984375
0 0.66671875 0.3271484375 0.07021484375 0.05380859375
0 0.7595703125 0.34498046875 0.07046875 0.0535546875
0 0.85248046875 0.364375 0.072421875 0.05302734375
0 0.54998046875 0.37876953125 0.0690625 0.05484375
0 0.641015625 0.3974609375 0.06984375 0.05341796875
0 0.7329296875 0.4150390625 0.0687890625 0.05291015625
0 0.82583984375 0.43521484375 0.07021484375 0.05392578125
0 0.5247265625 0.44830078125 0.0685546875 0.0537890625
0 0.616015625 0.46685546875 0.0691796875 0.05341796875
0 0.70794921875 0.48423828125 0.06904296875 0.0516015625
0 0.79935546875 0.50267578125 0.0699609375 0.0504296875
0 0.36291015625 0.55365234375 0.0754296875 0.05736328125
0 0.305625 0.607734375 0.07720703125 0.05896484375
0 0.2486328125 0.66119140625 0.0755078125 0.0584765625
0 0.19296875 0.7137109375 0.07427734375 0.05755859375
0 0.4355859375 0.59771484375 0.07953125 0.0598046875
0 0.50787109375 0.641484375 0.0782421875 0.0575
0 0.58208984375 0.68576171875 0.078125 0.05939453125
0 0.65408203125 0.73056640625 0.07794921875 0.05951171875
0 0.378203125 0.6503515625 0.0766015625 0.05876953125
0 0.3212890625 0.705234375 0.07677734375 0.0592578125
0 0.26322265625 0.75689453125 0.0757421875 0.05736328125
0 0.4519921875 0.69509765625 0.0768359375 0.05876953125
0 0.39328125 0.74908203125 0.07537109375 0.05736328125
0 0.3351171875 0.8008984375 0.07720703125 0.057734375
0 0.40814453125 0.84314453125 0.0751953125 0.0576171875
0 0.4805859375 0.887578125 0.075078125 0.05712890625
0 0.46578125 0.7916796875 0.07623046875 0.05736328125
0 0.523828125 0.73828125 0.07732421875 0.05908203125
0 0.59625 0.78185546875 0.07677734375 0.0567578125
0 0.53705078125 0.83548828125 0.078125 0.05767578125
0 0.19908203125 0.37724609375 0.05560546875 0.0438671875