0 0.13123046875 0.205390625 0.04416015625 0.04357421875
0 0.20001953125 0.1985546875 0.0455078125 0.04625
0 0.27375 0.1926953125 0.048203125 0.04697265625
0 0.34943359375 0.1848828125 0.04794921875 0.0511328125
0 0.130859375 0.2699609375 0.04099609375 0.04478515625
0 0.1973828125 0.26580078125 0.04515625 0.0450390625
0 0.26970703125 0.260859375 0.0484375 0.0461328125
0 0.34685546875 0.25677734375 0.05015625 0.04748046875
0 0.13068359375 0.33283203125 0.040625 0.04162109375
0 0.1951953125 0.33166015625 0.04490234375 0.043203125
0 0.26794921875 0.330390625 0.04734375 0.04453125
0 0.3433203125 0.32732421875 0.048203125 0.0452734375
0 0.12818359375 0.39685546875 0.04123046875 0.04001953125
0 0.1925 0.39763671875 0.0424609375 0.04283203125
0 0.264765625 0.39734375 0.0463671875 0.04294921875
0 0.3410546875 0.3983203125 0.05001953125 0.0434375
0 0.124765625 0.460390625 0.04392578125 0.03794921875
0 0.18982421875 0.462890625 0.0434375 0.04025390625
0 0.2624609375 0.464296875 0.04734375 0.04111328125
0 0.3384375 0.467109375 0.050390625 0.04283203125
0 0.56701171875 0.176875 0.0725 0.05345703125
0 0.66162109375 0.1895703125 0.07712890625 0.05564453125
0 0.7641015625 0.20453125 0.083359375 0.0589453125
0 0.87267578125 0.21875 0.0891015625 0.058828125
0 0.53814453125 0.25396484375 0.06943359375 0.05455078125
0 0.6301953125 0.26873046875 0.0765234375 0.05748046875
0 0.7289453125 0.285703125 0.08140625 0.05966796875
0 0.83576171875 0.303828125 0.08703125 0.06052734375
0 0.5091015625 0.32873046875 0.06994140625 0.05736328125
0 0.5991796875 0.34716796875 0.07287109375 0.05736328125
0 0.69556640625 0.3653515625 0.078359375 0.05978515625
0 0.799921875 0.38671875 0.084453125 0.062734375
0 0.48248046875 0.40185546875 0.0675 0.05517578125
0 0.56861328125 0.42107421875 0.07029296875 0.05748046875
0 0.663828125 0.44318359375 0.076640625 0.0589453125
0 0.7643359375 0.4677734375 0.08287109375 0.0619921875
0 0.45625 0.4722265625 0.06431640625 0.05552734375
0 0.5398046875 0.4948046875 0.06908203125 0.05771484375
0 0.63134765625 0.51970703125 0.07640625 0.05990234375
0 0.73095703125 0.5458984375 0.07955078125 0.06296875
0 0.311953125 0.56873046875 0.0611328125 0.05833984375
0 0.3698046875 0.6181640625 0.06603515625 0.05833984375
0 0.43169921875 0.66955078125 0.07017578125 0.06103515625
0 0.49615234375 0.72302734375 0.07482421875 0.06248046875
0 0.5662890625 0.77947265625 0.07494140625 0.06505859375
0 0.2635546875 0.61658203125 0.0598046875 0.0580859375
0 0.31982421875 0.6652734375 0.0617578125 0.05857421875
0 0.376640625 0.7169921875 0.06845703125 0.059921875
0 0.4384765625 0.77185546875 0.07080078125 0.0637109375
0 0.5051171875 0.82720703125 0.073203125 0.06138671875
0 0.21587890625 0.662109375 0.0591796875 0.056875
0 0.26775390625 0.710625 0.06138671875 0.05603515625
0 0.32318359375 0.76154296875 0.06505859375 0.05796875
0 0.38470703125 0.8159765625 0.0667578125 0.057734375
0 0.44548828125 0.8712109375 0.07359375 0.05955078125
0 0.17296875 0.70544921875 0.05345703125 0.053203125
0 0.22119140625 0.75470703125 0.05736328125 0.05552734375
0 0.2758203125 0.80572265625 0.061640625 0.05650390625
0 0.3326953125 0.85791015625 0.06333984375 0.06029296875
0 0.39306640625 0.9136328125 0.0680859375 0.061640625