0 0.28126953125 0.32515625 0.03560546875 0.03046875
0 0.338515625 0.324765625 0.0364453125 0.029453125
0 0.3962890625 0.3244921875 0.03732421875 0.0287890625
0 0.45517578125 0.32443359375 0.0368359375 0.028046875
0 0.28111328125 0.369296875 0.0355859375 0.0287890625
0 0.338671875 0.3691796875 0.03744140625 0.0283984375
0 0.3962890625 0.36947265625 0.0364453125 0.02845703125
0 0.4550390625 0.36904296875 0.03666015625 0.02845703125
0 0.28208984375 0.41392578125 0.03470703125 0.02818359375
0 0.33921875 0.414140625 0.03591796875 0.02818359375
0 0.39638671875 0.4137890625 0.0364453125 0.02845703125
0 0.45494140625 0.4128125 0.03654296875 0.03041015625
0 0.28271484375 0.45689453125 0.03564453125 0.028515625
0 0.3389453125 0.4573828125 0.03515625 0.0297265625
0 0.3962890625 0.45693359375 0.03677734375 0.02826171875
0 0.455078125 0.45703125 0.036171875 0.02845703125
0 0.28244140625 0.50189453125 0.03638671875 0.02826171875
0 0.340390625 0.50166015625 0.03681640625 0.02818359375
0 0.3962109375 0.501953125 0.03671875 0.0287890625
0 0.45494140625 0.502109375 0.03591796875 0.028046875
0 0.60193359375 0.32845703125 0.04375 0.031953125
0 0.6598046875 0.3402734375 0.04326171875 0.03216796875
0 0.71794921875 0.3518359375 0.0454296875 0.0332421875
0 0.77677734375 0.3628125 0.0448046875 0.0315625
0 0.58607421875 0.37275390625 0.04435546875 0.03263671875
0 0.64447265625 0.383046875 0.04419921875 0.0318359375
0 0.70181640625 0.39458984375 0.04353515625 0.03291015625
0 0.7597265625 0.40689453125 0.044140625 0.03357421875
0 0.5703515625 0.4157421875 0.04333984375 0.0312890625
0 0.6280859375 0.42705078125 0.04474609375 0.0315625
0 0.685390625 0.43837890625 0.043984375 0.0318359375
0 0.74357421875 0.45009765625 0.04521484375 0.0318359375
0 0.5550390625 0.45935546875 0.04359375 0.03236328125
0 0.61197265625 0.47060546875 0.04515625 0.03203125
0 0.66921875 0.4816015625 0.04474609375 0.03095703125
0 0.7275 0.49404296875 0.04576171875 0.03216796875
0 0.539296875 0.501015625 0.04306640625 0.0302734375
0 0.595703125 0.5134375 0.0438671875 0.0316796875
0 0.6538671875 0.52447265625 0.0449609375 0.030546875
0 0.7111328125 0.53662109375 0.04447265625 0.0312109375
0 0.43916015625 0.56734375 0.0473046875 0.03708984375
0 0.4835546875 0.59509765625 0.04927734375 0.0372265625
0 0.530078125 0.62291015625 0.04521484375 0.03513671875
0 0.57458984375 0.650546875 0.0519921875 0.03939453125
0 0.62072265625 0.6794140625 0.046484375 0.03626953125
0 0.40283203125 0.60099609375 0.04548828125 0.036953125
0 0.44873046875 0.6280859375 0.04462890625 0.03615234375
0 0.492734375 0.6562109375 0.04787109375 0.0362109375
0 0.5386328125 0.68484375 0.04765625 0.03703125
0 0.584375 0.7133203125 0.04681640625 0.03626953125
0 0.367265625 0.63419921875 0.04326171875 0.03728515625
0 0.4111328125 0.66201171875 0.04529296875 0.03560546875
0 0.4566015625 0.68986328125 0.04744140625 0.0367578125
0 0.50138671875 0.71859375 0.04716796875 0.0358203125
0 0.546640625 0.7461328125 0.0487109375 0.0362109375
0 0.33171875 0.6668359375 0.044375 0.03798828125
0 0.37568359375 0.69490234375 0.0459765625 0.03533203125
0 0.419453125 0.72376953125 0.0465234375 0.0382421875
0 0.46490234375 0.7519921875 0.04615234375 0.03662109375
0 0.51064453125 0.77943359375 0.0469140625 0.03642578125