0 0.47681640625 0.28912109375 0.02857421875 0.0244140625
0 0.52080078125 0.28736328125 0.02669921875 0.02431640625
0 0.56556640625 0.28529296875 0.02953125 0.02365234375
0 0.61166015625 0.28345703125 0.02796875 0.02357421875
0 0.4794921875 0.3251171875 0.0265234375 0.02275390625
0 0.52142578125 0.3243359375 0.0280859375 0.023984375
0 0.5665234375 0.3224609375 0.02748046875 0.02447265625
0 0.61169921875 0.3204296875 0.02787109375 0.02375
0 0.48072265625 0.36046875 0.02748046875 0.0219140625
0 0.4812890625 0.39576171875 0.02591796875 0.02236328125
0 0.4817578125 0.4287109375 0.026640625 0.0223046875
0 0.5225 0.35982421875 0.0261328125 0.02408203125
0 0.5662890625 0.35818359375 0.0280859375 0.02197265625
0 0.612421875 0.3575390625 0.02927734375 0.0237109375
0 0.52322265625 0.39474609375 0.0281640625 0.02376953125
0 0.56732421875 0.39431640625 0.02943359375 0.02365234375
0 0.61244140625 0.39412109375 0.02966796875 0.02326171875
0 0.52435546875 0.42923828125 0.025703125 0.02302734375
0 0.56873046875 0.42927734375 0.02787109375 0.02431640625
0 0.6133203125 0.429765625 0.02720703125 0.02392578125
0 0.73359375 0.2822265625 0.0369921875 0.025859375
0 0.78208984375 0.28994140625 0.03810546875 0.0259375
0 0.83322265625 0.29900390625 0.0414453125 0.02814453125
0 0.88548828125 0.306953125 0.04111328125 0.0280078125
0 0.71896484375 0.32041015625 0.0351953125 0.027578125
0 0.76685546875 0.32892578125 0.03873046875 0.0273046875
0 0.81810546875 0.33685546875 0.0395703125 0.025703125
0 0.86970703125 0.3466796875 0.040625 0.0284765625
0 0.70548828125 0.35814453125 0.03587890625 0.02744140625
0 0.753515625 0.36611328125 0.03650390625 0.0251953125
0 0.80244140625 0.37587890625 0.04048828125 0.027578125
0 0.85408203125 0.38501953125 0.03994140625 0.02744140625
0 0.6930078125 0.39427734375 0.03587890625 0.02673828125
0 0.73935546875 0.40341796875 0.03720703125 0.026328125
0 0.78791015625 0.41353515625 0.03791015625 0.026328125
0 0.83904296875 0.423515625 0.0384765625 0.02673828125
0 0.6796875 0.42994140625 0.03533203125 0.02478515625
0 0.7265234375 0.43955078125 0.03525390625 0.027578125
0 0.7746875 0.45001953125 0.03740234375 0.026328125
0 0.82390625 0.46041015625 0.03873046875 0.02548828125
0 0.6002734375 0.4833203125 0.0369140625 0.0297265625
0 0.63619140625 0.50626953125 0.036640625 0.03111328125
0 0.67255859375 0.52998046875 0.03712890625 0.03099609375
0 0.7095703125 0.55349609375 0.03791015625 0.029453125
0 0.74685546875 0.57787109375 0.036171875 0.03064453125
0 0.57216796875 0.5091015625 0.03552734375 0.02939453125
0 0.60833984375 0.53208984375 0.0344921875 0.03015625
0 0.6432421875 0.55572265625 0.0369140625 0.02986328125
0 0.67912109375 0.57931640625 0.0376953125 0.02958984375
0 0.71513671875 0.60419921875 0.0383984375 0.0279296875
0 0.5478125 0.5341015625 0.03302734375 0.03015625
0 0.58029296875 0.5579296875 0.0353125 0.02966796875
0 0.61408203125 0.58095703125 0.03677734375 0.02966796875
0 0.64986328125 0.6044921875 0.03705078125 0.02904296875
0 0.68583984375 0.62880859375 0.03451171875 0.027578125
0 0.52029296875 0.55912109375 0.03310546875 0.03064453125
0 0.55365234375 0.58181640625 0.03408203125 0.02765625
0 0.587578125 0.60556640625 0.0326171875 0.02814453125
0 0.62189453125 0.62873046875 0.0338671875 0.027578125
0 0.65818359375 0.65310546875 0.0340234375 0.028203125