0 0.30158203125 0.3068359375 0.0335546875 0.028671875
0 0.3534375 0.304921875 0.0322265625 0.02826171875
0 0.4069140625 0.3029296875 0.033828125 0.02833984375
0 0.4607421875 0.30015625 0.03234375 0.03044921875
0 0.30291015625 0.34978515625 0.03181640625 0.02849609375
0 0.353515625 0.3477734375 0.03193359375 0.0281640625
0 0.40708984375 0.34724609375 0.0341796875 0.029296875
0 0.46107421875 0.345703125 0.0361328125 0.02826171875
0 0.3048828125 0.39263671875 0.03166015625 0.02849609375
0 0.353515625 0.39244140625 0.03216796875 0.028203125
0 0.40708984375 0.39087890625 0.034296875 0.0287890625
0 0.46056640625 0.39087890625 0.0344140625 0.028671875
0 0.30474609375 0.43482421875 0.03193359375 0.02615234375
0 0.3539453125 0.435546875 0.031875 0.02826171875
0 0.40728515625 0.43548828125 0.0335546875 0.0281640625
0 0.460390625 0.43572265625 0.0339453125 0.02873046875
0 0.30474609375 0.47740234375 0.03193359375 0.02671875
0 0.35376953125 0.4775390625 0.0319921875 0.02642578125
0 0.40720703125 0.47900390625 0.0344140625 0.02810546875
0 0.45998046875 0.47865234375 0.0326953125 0.0284375
0 0.604609375 0.30169921875 0.0448046875 0.033671875
0 0.66310546875 0.3115234375 0.045546875 0.03435546875
0 0.72314453125 0.32275390625 0.0478515625 0.03556640625
0 0.78564453125 0.33416015625 0.04888671875 0.0355078125
0 0.58763671875 0.34685546875 0.04337890625 0.0337890625
0 0.6455078125 0.35853515625 0.04560546875 0.0344140625
0 0.7052734375 0.369140625 0.046015625 0.03470703125
0 0.7669140625 0.38134765625 0.04876953125 0.03533203125
0 0.5721484375 0.39244140625 0.0434375 0.032578125
0 0.6287109375 0.403671875 0.0437109375 0.03435546875
0 0.68712890625 0.4158984375 0.045546875 0.03435546875
0 0.748359375 0.428046875 0.0475 0.03580078125
0 0.55634765625 0.4365234375 0.0428515625 0.03435546875
0 0.611328125 0.449453125 0.04435546875 0.0355078125
0 0.67015625 0.462109375 0.044921875 0.034296875
0 0.73076171875 0.47490234375 0.046640625 0.03654296875
0 0.5405078125 0.48107421875 0.0433203125 0.03337890625
0 0.5955859375 0.493359375 0.0433203125 0.0340625
0 0.65318359375 0.50611328125 0.04533203125 0.03224609375
0 0.71291015625 0.51912109375 0.04740234375 0.0340234375
0 0.445546875 0.5440625 0.0434375 0.037578125
0 0.48759765625 0.57326171875 0.0450390625 0.03796875
0 0.529921875 0.60271484375 0.046875 0.0374609375
0 0.57337890625 0.6334375 0.0500390625 0.0378125
0 0.6181640625 0.6630859375 0.056640625 0.04296875
0 0.41197265625 0.57580078125 0.04267578125 0.03544921875
0 0.4526171875 0.6048046875 0.04400390625 0.03796875
0 0.49525390625 0.635078125 0.04578125 0.0370703125
0 0.53697265625 0.6650390625 0.0478515625 0.0378125
0 0.58203125 0.6953125 0.0546875 0.044921875
0 0.38029296875 0.60693359375 0.041484375 0.0361328125
0 0.41908203125 0.63658203125 0.04302734375 0.0363671875
0 0.45966796875 0.66576171875 0.0452734375 0.03693359375
0 0.50197265625 0.69654296875 0.04658203125 0.0380859375
0 0.5439453125 0.7255859375 0.052734375 0.04296875
0 0.34791015625 0.6376171875 0.04083984375 0.0348828125
0 0.38623046875 0.66625 0.04119140625 0.03666015625
0 0.42689453125 0.69724609375 0.04359375 0.03580078125
0 0.46650390625 0.72658203125 0.04826171875 0.03671875
0 0.5092578125 0.75708984375 0.04619140625 0.0383203125