     0/299     4.79G    0.0637   0.01177         0   0.07547        18       640  0.002158    0.2534  0.001001 0.0001636   0.08889   0.01218         0
     1/299     4.72G   0.06197  0.009949         0   0.07192        18       640  0.003023   0.01034  0.001389 0.0002164   0.09401   0.01144         0
     2/299     4.73G    0.0608   0.01016         0   0.07096        10       640    0.1485    0.1479   0.05903   0.01641   0.08786   0.01221         0
     3/299     4.73G   0.06053  0.009965         0   0.07049        15       640    0.4661     0.395    0.3151   0.08585   0.07936   0.01197         0
     4/299     4.73G   0.05516   0.01009         0   0.06525        20       640    0.7785     0.458    0.5363     0.296    0.0685   0.01247         0
     5/299     4.73G   0.04927    0.0102         0   0.05947        20       640    0.7709    0.6412    0.6947    0.4452   0.06526   0.01078         0
     6/299     4.73G    0.0448  0.009526         0   0.05433         8       640    0.7914    0.6536    0.7362    0.4996   0.05959   0.01023         0
     7/299     4.73G   0.04168  0.009084         0   0.05077         6       640    0.8397    0.7332     0.808    0.5799   0.05669  0.009514         0
     8/299     4.73G   0.03916  0.008649         0   0.04781        11       640    0.8873    0.7198    0.8286     0.628   0.05728  0.008992         0
     9/299     4.73G   0.03665  0.008425         0   0.04507         8       640    0.8909     0.727    0.8494    0.6602   0.05604  0.008523         0
    10/299     4.73G   0.03553  0.008198         0   0.04373         3       640    0.9121    0.7746    0.8766    0.6953   0.05433  0.007966         0
    11/299     4.73G   0.03389  0.008109         0     0.042         8       640    0.8936      0.79    0.8691    0.6945   0.04667  0.008958         0
    12/299     4.73G   0.03236  0.007928         0   0.04028         7       640    0.8792    0.7704    0.8715    0.6753   0.05282  0.008517         0
    13/299     4.73G   0.03201  0.008035         0   0.04005        14       640    0.9031    0.7921    0.8838    0.7277   0.05076  0.008236         0
    14/299     4.73G    0.0307  0.007591         0   0.03829        14       640    0.9199    0.7849     0.888    0.7414   0.04583  0.008796         0
    15/299     4.73G   0.03016  0.007698         0   0.03785         9       640    0.8868    0.8345    0.9032    0.7593   0.04381  0.008912         0
    16/299     4.73G   0.02845  0.007176         0   0.03563        10       640    0.9063    0.8035    0.8892    0.7485   0.04128  0.009212         0
    17/299     4.73G   0.02817  0.007189         0   0.03536        11       640    0.8981    0.8293    0.8935     0.756   0.04007  0.009209         0
    18/299     4.73G   0.02867  0.007411         0   0.03608        10       640    0.8684    0.8325    0.8893    0.7577   0.03836  0.009444         0
    19/299     4.73G   0.02743  0.006933         0   0.03436        19       640    0.8688    0.8366    0.8888    0.7631   0.04037  0.009042         0
    20/299     4.73G   0.02731  0.006924         0   0.03423        18       640    0.8726    0.8583    0.9026    0.7754     0.034  0.009785         0
    21/299     4.73G   0.02685  0.006769         0   0.03362        23       640    0.9249     0.828    0.9149    0.7902   0.03551  0.008966         0
    22/299     4.73G   0.02628  0.006983         0   0.03326        11       640    0.9145    0.8518    0.9166    0.8038   0.03881  0.008793         0
    23/299     4.73G   0.02607  0.006866         0   0.03294         9       640    0.9249    0.8542    0.9216    0.8129   0.03691  0.009109         0
    24/299     4.73G   0.02528  0.006671         0   0.03195        11       640    0.9183    0.8201    0.9155    0.8118   0.03815  0.008644         0
    25/299     4.73G   0.02533  0.006515         0   0.03184        22       640    0.8606    0.8685    0.9168    0.8059    0.0357  0.009147         0
    26/299     4.73G   0.02498  0.006548         0   0.03153         9       640    0.9176    0.8201    0.9137    0.8161    0.0348  0.009081         0
    27/299     4.73G   0.02505  0.006518         0   0.03156         5       640    0.9473     0.848     0.935    0.8212   0.03733  0.008518         0
    28/299     4.73G   0.02446  0.006417         0   0.03087        14       640    0.8996    0.8356     0.916     0.824   0.03379  0.009289         0
    29/299     4.73G   0.02451  0.006521         0   0.03103        15       640     0.926    0.8676    0.9333    0.8329    0.0311   0.00907         0
    30/299     4.73G    0.0246  0.006229         0   0.03083         8       640    0.9232    0.8376    0.9248    0.8286   0.03466  0.008621         0
    31/299     4.73G   0.02447  0.006347         0   0.03082        16       640     0.906    0.8469    0.9246    0.8371   0.03645  0.008798         0
    32/299     4.74G   0.02362   0.00631         0   0.02994         9       640    0.8772    0.8716    0.9252    0.8314   0.03302  0.009197         0
    33/299     4.74G   0.02349  0.006239         0   0.02973         5       640    0.9383    0.8334    0.9287    0.8367   0.03243  0.009157         0
    34/299     4.74G   0.02337  0.006376         0   0.02974        12       640    0.9103    0.8496    0.9246    0.8365   0.03053  0.009315         0
    35/299     4.74G   0.02289  0.006255         0   0.02915        21       640    0.8916    0.8591    0.9215    0.8323   0.03073  0.009188         0
    36/299     4.74G   0.02356  0.006288         0   0.02985        13       640    0.8732    0.8852    0.9203    0.8328   0.03072  0.008956         0
    37/299     4.74G    0.0231  0.006247         0   0.02934        14       640    0.8916    0.8672    0.9236    0.8334   0.03025  0.009206         0
    38/299     4.74G    0.0228  0.006386         0   0.02919        18       640    0.9366    0.8548    0.9346    0.8478   0.02825  0.009239         0
    39/299     4.74G   0.02256  0.006116         0   0.02868        12       640    0.9158    0.8655    0.9341    0.8466   0.02828  0.009085         0
    40/299     4.74G   0.02292  0.005959         0   0.02887        12       640    0.9315    0.8859    0.9396    0.8582   0.02894  0.009001         0
    41/299     4.74G   0.02243  0.005832         0   0.02827         7       640    0.8751    0.8985    0.9166    0.8383   0.02827  0.009208         0
    42/299     4.74G   0.02244  0.005922         0   0.02837        22       640    0.9141    0.8532    0.9228    0.8428   0.02676  0.009541         0
    43/299     4.74G    0.0222  0.006137         0   0.02834         8       640    0.9104    0.8717      0.93    0.8529   0.02607  0.009402         0
    44/299     4.74G   0.02223  0.006146         0   0.02837        18       640    0.9433    0.8862    0.9467      0.86   0.02497  0.009347         0
    45/299     4.74G   0.02191  0.006003         0   0.02792        16       640    0.9311    0.8769    0.9418    0.8651   0.02798  0.009104         0
    46/299     4.74G   0.02171   0.00594         0   0.02765        13       640    0.9324    0.8707    0.9372     0.861   0.02748  0.009363         0
    47/299     4.74G     0.022  0.005807         0   0.02781         9       640    0.9502    0.8882    0.9483    0.8732   0.02627  0.009155         0
    48/299     4.74G   0.02182  0.005884         0   0.02771        13       640    0.9132     0.914    0.9478    0.8713   0.02527  0.009244         0
    49/299     4.74G   0.02121  0.005774         0   0.02699        15       640    0.9202    0.8645     0.933    0.8649    0.0258  0.009429         0
    50/299     4.74G   0.02169  0.005869         0   0.02756         6       640    0.9579    0.8707    0.9462    0.8767   0.02776  0.009008         0
    51/299     4.74G   0.02159  0.005835         0   0.02742        14       640    0.9182    0.8707    0.9364    0.8659   0.02728  0.009351         0
    52/299     4.74G   0.02157  0.005911         0   0.02748        10       640    0.9357    0.8904    0.9514    0.8772    0.0252  0.009348         0
    53/299     4.74G    0.0208  0.005755         0   0.02655        10       640    0.9511    0.8893    0.9479    0.8748   0.02428  0.009508         0
    54/299     4.74G   0.02062   0.00573         0   0.02635        11       640    0.9619    0.8759    0.9491    0.8793   0.02448  0.009363         0
    55/299     4.74G    0.0209  0.005728         0   0.02663        10       640    0.9388    0.8583     0.943    0.8748   0.02266  0.009702         0
    56/299     4.74G   0.02102  0.005599         0   0.02662         7       640    0.9178    0.8886    0.9429    0.8754   0.02214    0.0099         0
    57/299     4.74G   0.02082  0.005698         0   0.02652        11       640    0.9437    0.9028     0.954    0.8835   0.02194  0.009673         0
    58/299     4.74G   0.02134  0.005578         0   0.02691        16       640    0.9351    0.8945    0.9479    0.8819   0.02506   0.00936         0
    59/299     4.74G   0.02087  0.005591         0   0.02646        12       640    0.9261    0.8807     0.947    0.8808   0.02327  0.009799         0
    60/299     4.74G   0.02055  0.005533         0   0.02608         9       640     0.939    0.8945    0.9518    0.8852   0.02235  0.009835         0
    61/299     4.74G   0.02046  0.005605         0   0.02606        10       640     0.943    0.8897     0.951    0.8877   0.02052    0.0099         0
    62/299     4.74G   0.02048  0.005624         0    0.0261         8       640    0.9393    0.8831      0.95    0.8835   0.02242  0.009706         0
    63/299     4.74G   0.02038  0.005609         0   0.02599        22       640    0.9604    0.8769    0.9475    0.8837   0.02054  0.009999         0
    64/299     4.74G   0.02081  0.005594         0    0.0264        10       640    0.9446    0.8992    0.9552    0.8893   0.02148  0.009889         0
    65/299     4.74G    0.0207  0.005625         0   0.02632         5       640    0.9443    0.8769    0.9482    0.8822   0.02176  0.009766         0
    66/299     4.74G   0.02019  0.005655         0   0.02585         9       640    0.9553    0.8852    0.9526    0.8879   0.02158  0.009836         0
    67/299     4.74G   0.02006  0.005395         0   0.02545         9       640    0.9265    0.8997    0.9501    0.8883   0.02168      0.01         0
    68/299     4.74G   0.01996  0.005397         0   0.02536        12       640     0.941    0.8914    0.9506    0.8882    0.0208   0.01005         0
    69/299     4.74G   0.02032  0.005438         0   0.02575         8       640    0.9284    0.8852    0.9467    0.8881   0.02126  0.009982         0
    70/299     4.74G   0.02029  0.005372         0   0.02566        13       640    0.9211    0.8945    0.9492    0.8871   0.02145  0.009905         0
    71/299     4.74G   0.01988  0.005575         0   0.02546        11       640    0.9409     0.908    0.9535    0.8951   0.02036  0.009937         0
    72/299     4.74G   0.01996  0.005348         0   0.02531        12       640    0.9569    0.8964    0.9556    0.8916   0.02061  0.009919         0
    73/299     4.74G   0.01966  0.005323         0   0.02498        16       640    0.9448    0.9059    0.9573    0.8958   0.02048   0.01015         0
    74/299     4.74G   0.01998  0.005368         0   0.02535         9       640    0.9486    0.8966    0.9567    0.8971   0.02157  0.009829         0
    75/299     4.74G   0.01959  0.005318         0   0.02491         6       640    0.9551    0.9014    0.9566    0.8974   0.02211  0.009843         0
    76/299     4.74G   0.01979  0.005348         0   0.02514        14       640    0.9235    0.9111    0.9549    0.8958   0.02196  0.009937         0
    77/299     4.74G   0.01941  0.005191         0    0.0246        13       640    0.9587    0.8976    0.9571    0.8963   0.02217  0.009751         0
    78/299     4.74G   0.01961  0.005346         0   0.02495        15       640    0.9508    0.9018      0.96    0.9002    0.0209  0.009898         0
    79/299     4.74G   0.01953  0.005308         0   0.02483         7       640    0.9497    0.9038    0.9593    0.8999   0.02048  0.009801         0
    80/299     4.74G   0.01948  0.005327         0   0.02481        11       640     0.952    0.9027    0.9583    0.8984   0.02016  0.009984         0
    81/299     4.74G   0.01945  0.005232         0   0.02468         4       640    0.9518    0.8984    0.9584    0.9009   0.02002    0.0101         0
    82/299     4.74G   0.01943  0.005328         0   0.02476        18       640    0.9356    0.9014    0.9557    0.8975   0.02089    0.0101         0
    83/299     4.74G   0.01956  0.005309         0   0.02487        11       640     0.948    0.9058    0.9587    0.9015   0.02023   0.01002         0
    84/299     4.74G   0.01925  0.005274         0   0.02452        20       640    0.9438    0.9026    0.9584    0.9013   0.02031   0.01001         0
    85/299     4.74G   0.01949    0.0053         0   0.02479         6       640    0.9501     0.878    0.9563    0.9001   0.01984   0.01007         0
    86/299     4.74G   0.01924  0.005226         0   0.02447        26       640    0.9435    0.8986     0.957    0.9014   0.01999   0.01005         0
    87/299     4.74G   0.01945  0.005368         0   0.02482        10       640     0.956    0.8996    0.9614    0.9062   0.02067  0.009912         0
    88/299     4.74G   0.01926  0.005413         0   0.02467        17       640    0.9502    0.9173    0.9622    0.9077   0.02109  0.009849         0
    89/299     4.74G   0.01892  0.005093         0   0.02401         9       640    0.9415    0.9151    0.9595    0.9047   0.02064   0.01001         0
    90/299     4.74G     0.019  0.005126         0   0.02412        11       640    0.9467    0.9193     0.961    0.9069   0.02108   0.00989         0
    91/299     4.74G    0.0189  0.005264         0   0.02416        10       640    0.9533    0.9224    0.9629      0.91   0.02082  0.009989         0
    92/299     4.74G   0.01893  0.005221         0   0.02415        19       640    0.9546    0.9183    0.9612      0.91    0.0216  0.009886         0
    93/299     4.74G   0.01914  0.005248         0   0.02439        14       640    0.9648     0.908    0.9626    0.9119   0.02193  0.009808         0
    94/299     4.74G   0.01873  0.005135         0   0.02387         7       640    0.9473    0.9109    0.9598    0.9108   0.02161  0.009933         0
    95/299     4.74G   0.01873  0.005264         0     0.024         7       640    0.9564    0.9121    0.9603    0.9078   0.02142      0.01         0
    96/299     4.74G   0.01859  0.005016         0   0.02361        12       640    0.9594     0.908    0.9612    0.9107   0.02211   0.00996         0
    97/299     4.74G   0.01858  0.005149         0   0.02373        15       640    0.9647    0.9049    0.9613    0.9098   0.02136   0.01013         0
    98/299     4.74G   0.01848  0.005137         0   0.02362        14       640    0.9637    0.9067    0.9613    0.9085   0.02075   0.01018         0
    99/299     4.74G    0.0188  0.005069         0   0.02387        11       640    0.9634    0.9059    0.9632    0.9108   0.02071   0.01014         0
   100/299     4.74G   0.01876  0.005151         0   0.02391         8       640    0.9519    0.9173    0.9632     0.911   0.02097   0.01018         0
   101/299     4.74G   0.01845   0.00495         0   0.02341        18       640    0.9708    0.9018    0.9632    0.9105   0.02101   0.01017         0
   102/299     4.74G   0.01857   0.00496         0   0.02353         8       640    0.9681     0.909    0.9637    0.9118   0.02065   0.01026         0
   103/299     4.74G    0.0184   0.00494         0   0.02334        11       640    0.9671    0.9116    0.9645    0.9125   0.02021   0.01037         0
   104/299     4.74G   0.01894  0.005076         0   0.02402        16       640    0.9658    0.9142    0.9648    0.9134   0.02012   0.01037         0
   105/299     4.74G   0.01883   0.00518         0   0.02401         8       640    0.9608    0.9152    0.9653    0.9119   0.02009   0.01037         0
   106/299     4.74G   0.01841  0.005107         0   0.02352         8       640    0.9608    0.9131    0.9647    0.9124    0.0197    0.0104         0
   107/299     4.74G   0.01872  0.005158         0   0.02388        15       640    0.9671    0.9121    0.9651    0.9132   0.01946   0.01039         0
   108/299     4.74G   0.01848  0.004948         0   0.02343        10       640    0.9599    0.9193    0.9658    0.9137   0.01967   0.01042         0
   109/299     4.74G    0.0186  0.005058         0   0.02366        20       640    0.9704     0.915    0.9655    0.9136   0.01944   0.01051         0
   110/299     4.74G   0.01815  0.004806         0   0.02295        11       640    0.9598    0.9204    0.9646    0.9144     0.019   0.01062         0
   111/299     4.74G   0.01842   0.00491         0   0.02333        21       640    0.9642    0.9224    0.9667     0.916   0.01901   0.01056         0
   112/299     4.74G   0.01848  0.005055         0   0.02354         7       640    0.9704    0.9169    0.9673    0.9166   0.01886   0.01054         0
   113/299     4.74G   0.01822   0.00493         0   0.02315        66       640    0.9657    0.9214    0.9677    0.9171   0.01891   0.01052         0
   114/299     4.74G   0.01784  0.004823         0   0.02266        15       640    0.9642    0.9204    0.9685     0.916   0.01912   0.01051         0
   115/299     4.74G   0.01811  0.004944         0   0.02305        10       640    0.9622    0.9224    0.9667    0.9145   0.01977   0.01047         0
   116/299     4.74G   0.01817  0.004992         0   0.02317        10       640    0.9663    0.9181    0.9673    0.9164   0.01959   0.01052         0
   117/299     4.74G   0.01817  0.004967         0   0.02314        20       640    0.9664    0.9245    0.9678    0.9174   0.01965   0.01043         0
   118/299     4.74G    0.0179  0.004969         0   0.02287        11       640    0.9634    0.9255    0.9674     0.916   0.01981   0.01043         0
   119/299     4.74G   0.01777  0.004791         0   0.02256         6       640    0.9584    0.9285    0.9665    0.9156   0.01995   0.01046         0
   120/299     4.74G   0.01754   0.00487         0   0.02241         8       640    0.9615    0.9285    0.9673    0.9162    0.0203   0.01041         0
   121/299     4.74G    0.0177  0.004931         0   0.02263         9       640    0.9625    0.9286    0.9687    0.9177   0.02041   0.01039         0
   122/299     4.74G   0.01774  0.004894         0   0.02264        24       640    0.9654    0.9255    0.9683    0.9182   0.02052    0.0104         0
   123/299     4.74G   0.01793  0.004832         0   0.02276        16       640    0.9737    0.9191    0.9687    0.9177   0.02049   0.01043         0
   124/299     4.74G   0.01827  0.005077         0   0.02334         5       640    0.9605    0.9317    0.9695    0.9182   0.02055   0.01041         0
   125/299     4.74G   0.01835  0.004976         0   0.02332         5       640    0.9615    0.9285    0.9689    0.9182   0.02087   0.01039         0
   126/299     4.74G   0.01739  0.004878         0   0.02227        10       640    0.9726    0.9162    0.9678    0.9171   0.02108   0.01037         0
   127/299     4.74G   0.01803   0.00501         0   0.02304        19       640    0.9676    0.9255    0.9681    0.9174   0.02111   0.01038         0
   128/299     4.74G   0.01777  0.004892         0   0.02266        13       640    0.9687    0.9286     0.969    0.9182   0.02107   0.01041         0
   129/299     4.74G   0.01739  0.004803         0   0.02219         8       640    0.9676    0.9317    0.9695    0.9194   0.02118   0.01038         0
   130/299     4.74G   0.01749  0.004779         0   0.02227        14       640    0.9688    0.9327    0.9693    0.9203   0.02117    0.0104         0
   131/299     4.74G   0.01728  0.004809         0   0.02209        12       640    0.9698    0.9307      0.97    0.9204   0.02106   0.01041         0
   132/299     4.74G   0.01756  0.004798         0   0.02236        16       640    0.9698    0.9297    0.9703    0.9203     0.021   0.01043         0
   133/299     4.74G   0.01703  0.004675         0   0.02171         7       640    0.9668    0.9337    0.9707    0.9216   0.02092   0.01045         0
   134/299     4.74G   0.01751  0.004769         0   0.02228        17       640    0.9678    0.9316    0.9702    0.9216   0.02081   0.01048         0
   135/299     4.74G   0.01742  0.004893         0   0.02232         2       640    0.9688    0.9317    0.9712    0.9215   0.02071   0.01048         0
   136/299     4.74G   0.01735  0.004813         0   0.02217         6       640    0.9668    0.9336    0.9719    0.9216   0.02055   0.01048         0
   137/299     4.74G   0.01741  0.004707         0   0.02211        13       640    0.9719    0.9295    0.9721    0.9211   0.02042   0.01051         0
   138/299     4.74G   0.01702  0.004652         0   0.02167        13       640    0.9708    0.9283     0.971    0.9219   0.02041   0.01051         0
   139/299     4.74G   0.01737  0.004607         0   0.02198        15       640    0.9718     0.926     0.971    0.9224   0.02045   0.01053         0
   140/299     4.74G   0.01729  0.004778         0   0.02207        13       640    0.9637    0.9337    0.9708    0.9223   0.02039   0.01056         0
   141/299     4.74G   0.01702  0.004748         0   0.02177        11       640    0.9687    0.9285    0.9701    0.9232   0.02036   0.01061         0
   142/299     4.74G   0.01723  0.004696         0   0.02192        18       640    0.9644    0.9307    0.9695     0.923   0.02022   0.01067         0
   143/299     4.74G   0.01766  0.004824         0   0.02248        15       640    0.9657    0.9317    0.9712    0.9244   0.02013   0.01071         0
   144/299     4.74G   0.01708  0.004774         0   0.02185         6       640    0.9716    0.9235    0.9706    0.9236   0.02009   0.01074         0
   145/299     4.74G   0.01726  0.004732         0   0.02199         9       640    0.9717    0.9232    0.9706    0.9237   0.01994   0.01077         0
   146/299     4.74G   0.01726   0.00472         0   0.02197        10       640    0.9717     0.923    0.9707    0.9242   0.01992   0.01078         0
   147/299     4.74G   0.01713  0.004628         0   0.02176        10       640    0.9625    0.9328    0.9711    0.9239   0.01993   0.01078         0
   148/299     4.74G   0.01664  0.004618         0   0.02126        11       640    0.9627    0.9338     0.971    0.9238   0.01992   0.01079         0
   149/299     4.74G   0.01699  0.004628         0   0.02162         9       640    0.9637    0.9327    0.9712    0.9233   0.01989   0.01079         0
   150/299     4.74G   0.01663  0.004723         0   0.02136        14       640    0.9666    0.9317    0.9711    0.9226    0.0199    0.0108         0
   151/299     4.74G   0.01682  0.004647         0   0.02147         8       640    0.9678    0.9319    0.9705    0.9227   0.01988    0.0108         0
   152/299     4.74G   0.01704  0.004518         0   0.02155         9       640    0.9667    0.9328    0.9706    0.9242   0.01989   0.01081         0
   153/299     4.74G   0.01657  0.004558         0   0.02113         6       640    0.9657    0.9328    0.9707    0.9236   0.01984   0.01081         0
   154/299     4.74G   0.01662  0.004496         0   0.02112        14       640    0.9636    0.9338    0.9707    0.9244   0.01977   0.01083         0
   155/299     4.74G   0.01677  0.004486         0   0.02126        18       640    0.9638    0.9348    0.9705    0.9245   0.01968   0.01085         0
   156/299     4.74G   0.01679  0.004568         0   0.02136        14       640    0.9637    0.9346    0.9704    0.9243   0.01964   0.01086         0
   157/299     4.74G   0.01656  0.004637         0   0.02119        17       640    0.9656    0.9328    0.9702    0.9242    0.0196   0.01088         0
   158/299     4.74G   0.01671  0.004581         0   0.02129         9       640    0.9657    0.9326    0.9703    0.9235   0.01958   0.01089         0
   159/299     4.74G   0.01658  0.004621         0    0.0212        18       640    0.9657    0.9328    0.9705    0.9235   0.01955    0.0109         0
   160/299     4.74G   0.01696  0.004648         0   0.02161        19       640    0.9657    0.9338    0.9704    0.9246   0.01954   0.01092         0
   161/299     4.74G   0.01653  0.004494         0   0.02102        12       640    0.9636    0.9349    0.9707    0.9249   0.01957   0.01092         0
   162/299     4.74G   0.01622  0.004595         0   0.02081         7       640    0.9646    0.9349    0.9708    0.9253   0.01959   0.01093         0
   163/299     4.74G   0.01645  0.004557         0   0.02101        15       640    0.9644    0.9349    0.9708    0.9255   0.01958   0.01094         0
   164/299     4.74G   0.01682  0.004506         0   0.02133        13       640    0.9645    0.9349    0.9711    0.9262   0.01961   0.01095         0
   165/299     4.74G   0.01634  0.004499         0   0.02084         9       640    0.9656    0.9338    0.9714    0.9269   0.01965   0.01096         0
   166/299     4.74G   0.01643  0.004487         0   0.02092        11       640    0.9708    0.9286    0.9712    0.9265   0.01963   0.01097         0
   167/299     4.74G   0.01639  0.004421         0   0.02081        10       640    0.9678    0.9316    0.9712    0.9272   0.01963   0.01098         0
   168/299     4.74G   0.01611  0.004429         0   0.02054         9       640    0.9739    0.9266    0.9712    0.9266   0.01962   0.01098         0
   169/299     4.74G   0.01652  0.004453         0   0.02097        20       640    0.9737    0.9266    0.9711    0.9271   0.01962   0.01099         0
   170/299     4.74G   0.01647  0.004513         0   0.02098        10       640    0.9717    0.9286    0.9711    0.9266   0.01959     0.011         0
   171/299     4.74G   0.01628  0.004437         0   0.02072         8       640    0.9729    0.9283    0.9712    0.9266   0.01956   0.01101         0
   172/299     4.74G   0.01643  0.004446         0   0.02087        14       640    0.9719    0.9304    0.9711    0.9269   0.01953   0.01102         0
   173/299     4.74G   0.01642  0.004402         0   0.02083         8       640     0.974    0.9286    0.9709    0.9269   0.01951   0.01102         0
   174/299     4.74G     0.016  0.004375         0   0.02038        13       640     0.974    0.9285    0.9708     0.927   0.01949   0.01103         0
   175/299     4.74G   0.01615  0.004402         0   0.02055         8       640    0.9699    0.9328    0.9708    0.9269   0.01943   0.01104         0
   176/299     4.74G   0.01613  0.004558         0   0.02069        12       640    0.9709    0.9321    0.9708     0.927   0.01938   0.01106         0
   177/299     4.74G   0.01675  0.004448         0   0.02119        15       640    0.9699    0.9328    0.9708    0.9267   0.01935   0.01108         0
   178/299     4.74G   0.01629  0.004384         0   0.02068        12       640    0.9708    0.9328    0.9708     0.927   0.01932   0.01108         0
   179/299     4.74G   0.01624  0.004463         0    0.0207        14       640    0.9689    0.9349     0.971    0.9266    0.0193   0.01109         0
   180/299     4.74G   0.01624  0.004352         0   0.02059        15       640    0.9707    0.9338    0.9711    0.9268   0.01931    0.0111         0
   181/299     4.74G   0.01623  0.004502         0   0.02073        11       640     0.971    0.9345    0.9712    0.9268   0.01932    0.0111         0
   182/299     4.74G   0.01602  0.004334         0   0.02036        10       640    0.9704    0.9349    0.9712    0.9268   0.01935    0.0111         0
   183/299     4.74G   0.01603  0.004379         0   0.02041        10       640    0.9688    0.9349    0.9712    0.9271   0.01935    0.0111         0
   184/299     4.74G   0.01611  0.004511         0   0.02062         9       640    0.9709    0.9338    0.9712    0.9272   0.01936    0.0111         0
   185/299     4.74G   0.01607  0.004405         0   0.02047        13       640     0.972    0.9328    0.9712    0.9271   0.01936   0.01111         0
   186/299     4.74G   0.01603  0.004419         0   0.02045        18       640    0.9729    0.9317    0.9716    0.9273   0.01936   0.01111         0
   187/299     4.74G   0.01603    0.0044         0   0.02043         9       640     0.971    0.9337    0.9718    0.9274   0.01937   0.01111         0
   188/299     4.74G   0.01627  0.004541         0   0.02081        21       640     0.971    0.9336     0.972    0.9276   0.01937   0.01111         0
   189/299     4.74G    0.0155  0.004285         0   0.01978        12       640     0.973    0.9332     0.972    0.9276   0.01938   0.01112         0
   190/299     4.74G   0.01581  0.004335         0   0.02015         9       640    0.9726    0.9338    0.9722    0.9277   0.01941   0.01112         0
   191/299     4.74G   0.01562  0.004301         0   0.01992         9       640    0.9698    0.9359    0.9723    0.9278   0.01943   0.01112         0
   192/299     4.74G   0.01591  0.004444         0   0.02035         7       640    0.9659      0.94    0.9723    0.9277   0.01944   0.01112         0
   193/299     4.74G    0.0158  0.004369         0   0.02017        10       640     0.966      0.94    0.9723    0.9279   0.01946   0.01112         0
   194/299     4.74G   0.01576  0.004363         0   0.02013        20       640     0.968    0.9387    0.9724     0.928   0.01948   0.01112         0
   195/299     4.74G   0.01565  0.004306         0   0.01995        20       640    0.9657      0.94    0.9725     0.928   0.01949   0.01113         0
   196/299     4.74G    0.0158  0.004347         0   0.02014        19       640    0.9636    0.9421    0.9725    0.9281    0.0195   0.01114         0
   197/299     4.74G   0.01589  0.004336         0   0.02023         9       640     0.971    0.9349    0.9726    0.9282    0.0195   0.01114         0
   198/299     4.74G   0.01582  0.004378         0   0.02019        15       640    0.9709    0.9349    0.9727    0.9282    0.0195   0.01115         0
   199/299     4.74G   0.01558  0.004244         0   0.01983        24       640     0.966    0.9399    0.9728    0.9278   0.01951   0.01115         0
   200/299     4.74G   0.01599  0.004253         0   0.02025        12       640     0.966    0.9396    0.9728    0.9279    0.0195   0.01116         0
   201/299     4.74G   0.01537  0.004335         0   0.01971         6       640     0.966    0.9399    0.9729     0.928   0.01947   0.01117         0
   202/299     4.74G   0.01547  0.004249         0   0.01972        16       640     0.967    0.9389     0.973     0.928   0.01945   0.01118         0
   203/299     4.74G   0.01534  0.004211         0   0.01955        18       640    0.9669     0.939     0.973    0.9281   0.01944   0.01119         0
   204/299     4.74G   0.01548  0.004244         0   0.01972        10       640    0.9669     0.939    0.9729    0.9281   0.01944   0.01119         0
   205/299     4.74G    0.0153  0.004271         0   0.01958        13       640     0.967    0.9389     0.973    0.9278   0.01944    0.0112         0
   206/299     4.74G   0.01517  0.004254         0   0.01943        10       640    0.9687     0.938     0.973    0.9274   0.01943   0.01121         0
   207/299     4.74G   0.01557  0.004236         0    0.0198        17       640    0.9688     0.938     0.973    0.9278   0.01943   0.01121         0
   208/299     4.74G   0.01531  0.004158         0   0.01947         7       640     0.969    0.9379    0.9731    0.9278   0.01943   0.01122         0
   209/299     4.74G   0.01575  0.004281         0   0.02003        10       640    0.9689     0.938    0.9731    0.9275   0.01943   0.01123         0
   210/299     4.74G   0.01541  0.004223         0   0.01963        10       640     0.969     0.939    0.9732    0.9276   0.01943   0.01123         0
   211/299     4.74G   0.01529  0.004185         0   0.01948        12       640    0.9688     0.939    0.9732    0.9278   0.01944   0.01124         0
   212/299     4.74G   0.01558  0.004139         0   0.01972         4       640    0.9688     0.939    0.9732    0.9279   0.01945   0.01125         0
   213/299     4.74G    0.0152  0.004038         0   0.01924        14       640     0.969    0.9389    0.9732    0.9278   0.01946   0.01126         0
   214/299     4.74G   0.01515  0.004114         0   0.01926        11       640    0.9689     0.939    0.9732    0.9279   0.01948   0.01126         0
   215/299     4.74G   0.01518  0.004218         0    0.0194         8       640     0.969     0.939    0.9733    0.9278   0.01949   0.01127         0
   216/299     4.74G   0.01504  0.004178         0   0.01922        18       640     0.969     0.939    0.9732    0.9277   0.01951   0.01127         0
   217/299     4.74G   0.01493  0.004086         0   0.01902        17       640     0.969     0.939    0.9732    0.9271   0.01953   0.01128         0
   218/299     4.74G   0.01499  0.004181         0   0.01917         7       640     0.969     0.939    0.9732    0.9272   0.01954   0.01128         0
   219/299     4.74G   0.01519  0.004247         0   0.01943         8       640     0.969     0.939    0.9732    0.9277   0.01956   0.01129         0
   220/299     4.74G   0.01551   0.00418         0   0.01969        16       640    0.9689     0.939    0.9732    0.9273   0.01956   0.01129         0
   221/299     4.74G    0.0153  0.004047         0   0.01935        19       640    0.9689     0.939    0.9733    0.9278   0.01957   0.01129         0
   222/299     4.74G   0.01521  0.004176         0   0.01939         6       640     0.969     0.939    0.9732     0.928   0.01958    0.0113         0
   223/299     4.74G   0.01498  0.004081         0   0.01906         4       640     0.969    0.9389    0.9733    0.9281   0.01959    0.0113         0
   224/299     4.74G   0.01501  0.004149         0   0.01916        12       640     0.969    0.9389    0.9733    0.9281   0.01959    0.0113         0
   225/299     4.74G    0.0147  0.003974         0   0.01867         5       640    0.9679     0.939    0.9734    0.9281    0.0196   0.01131         0
   226/299     4.74G   0.01478   0.00402         0    0.0188        11       640     0.969    0.9379    0.9734    0.9278   0.01961   0.01131         0
   227/299     4.74G   0.01476   0.00402         0   0.01878        16       640     0.968     0.939    0.9735    0.9281    0.0196   0.01132         0
   228/299     4.74G   0.01491  0.004036         0   0.01894        18       640     0.968    0.9389    0.9736     0.928   0.01961   0.01132         0
   229/299     4.74G   0.01492   0.00401         0   0.01893        11       640    0.9721    0.9357    0.9736    0.9282   0.01961   0.01133         0
   230/299     4.74G   0.01471  0.004042         0   0.01875        11       640    0.9731    0.9357    0.9737     0.928   0.01963   0.01134         0
   231/299     4.74G   0.01476  0.003976         0   0.01874        24       640     0.973    0.9359    0.9738    0.9284   0.01964   0.01134         0
   232/299     4.74G   0.01498  0.003991         0   0.01897        11       640     0.973    0.9359    0.9738    0.9285   0.01965   0.01134         0
   233/299     4.74G   0.01497  0.004115         0   0.01908        12       640     0.973    0.9359    0.9739    0.9282   0.01966   0.01135         0
   234/299     4.74G   0.01473  0.004071         0    0.0188         5       640     0.973    0.9359    0.9739    0.9282   0.01968   0.01135         0
   235/299     4.74G   0.01471  0.004121         0   0.01883         9       640    0.9731    0.9358    0.9738    0.9282   0.01971   0.01135         0
   236/299     4.74G   0.01456  0.003953         0   0.01851        17       640    0.9721    0.9369    0.9738    0.9284   0.01973   0.01136         0
   237/299     4.74G   0.01464   0.00393         0   0.01857        11       640     0.974    0.9349    0.9739    0.9284   0.01975   0.01136         0
   238/299     4.74G   0.01492  0.004127         0   0.01905        18       640    0.9738    0.9349    0.9739    0.9287   0.01976   0.01136         0
   239/299     4.74G    0.0147  0.004053         0   0.01876         6       640     0.969     0.939     0.974    0.9286   0.01978   0.01136         0
   240/299     4.74G   0.01482  0.003953         0   0.01878        18       640     0.969    0.9389     0.974    0.9284    0.0198   0.01136         0
   241/299     4.74G   0.01457  0.004009         0   0.01858        10       640    0.9721    0.9369     0.974    0.9287    0.0198   0.01137         0
   242/299     4.74G   0.01459  0.004055         0   0.01865         9       640    0.9721    0.9369     0.974    0.9285    0.0198   0.01137         0
   243/299     4.74G   0.01459  0.004066         0   0.01865         6       640    0.9701     0.939    0.9739    0.9286    0.0198   0.01138         0
   244/299     4.74G   0.01453  0.003967         0    0.0185        20       640     0.972    0.9369    0.9739    0.9292    0.0198   0.01138         0
   245/299     4.74G    0.0148  0.004007         0    0.0188        20       640    0.9721    0.9369     0.974    0.9294    0.0198   0.01139         0
   246/299     4.74G   0.01439  0.003964         0   0.01835        21       640    0.9721    0.9369    0.9741     0.929    0.0198   0.01139         0
   247/299     4.74G   0.01444   0.00398         0   0.01842         9       640    0.9726    0.9359    0.9741    0.9289    0.0198   0.01139         0
   248/299     4.74G    0.0146  0.004019         0   0.01862        15       640    0.9708     0.938    0.9741     0.929   0.01981    0.0114         0
   249/299     4.74G   0.01434  0.004052         0   0.01839        11       640    0.9711    0.9379    0.9741     0.929   0.01982   0.01141         0
   250/299     4.74G    0.0144  0.003975         0   0.01837         8       640    0.9711    0.9379    0.9741    0.9291   0.01983   0.01141         0
   251/299     4.74G   0.01418  0.003914         0   0.01809        16       640    0.9671     0.942    0.9742    0.9291   0.01983   0.01141         0
   252/299     4.74G   0.01442  0.003892         0   0.01832         8       640     0.967    0.9421    0.9743    0.9292   0.01984   0.01142         0
   253/299     4.74G   0.01422  0.003987         0   0.01821        13       640    0.9742    0.9357    0.9745    0.9294   0.01985   0.01142         0
   254/299     4.74G   0.01431  0.003931         0   0.01824         7       640    0.9671     0.942    0.9746    0.9297   0.01985   0.01142         0
   255/299     4.74G   0.01424  0.003906         0   0.01815        14       640    0.9661    0.9431    0.9748    0.9299   0.01986   0.01142         0
   256/299     4.74G   0.01412  0.003995         0   0.01811         9       640    0.9671     0.942    0.9749    0.9302   0.01986   0.01143         0
   257/299     4.74G   0.01413  0.003868         0     0.018        11       640    0.9671     0.942     0.975    0.9303   0.01986   0.01144         0
   258/299     4.74G   0.01426  0.003919         0   0.01818         8       640    0.9671     0.942     0.975    0.9302   0.01986   0.01144         0
   259/299     4.74G   0.01417   0.00388         0   0.01805         7       640    0.9671     0.942     0.975    0.9305   0.01987   0.01145         0
   260/299     4.74G   0.01403  0.003841         0   0.01787         9       640    0.9681     0.941     0.975    0.9304   0.01987   0.01145         0
   261/299     4.74G   0.01444  0.003967         0   0.01841         7       640    0.9681     0.942    0.9752      0.93   0.01988   0.01146         0
   262/299     4.74G   0.01445  0.003876         0   0.01832        15       640    0.9645    0.9452    0.9752    0.9304   0.01989   0.01146         0
   263/299     4.74G   0.01415  0.003919         0   0.01807        12       640    0.9648    0.9452    0.9754    0.9307   0.01991   0.01146         0
   264/299     4.74G   0.01409  0.003887         0   0.01798        14       640    0.9681    0.9418    0.9754    0.9302   0.01993   0.01146         0
   265/299     4.74G   0.01412  0.003903         0   0.01803        20       640    0.9681    0.9418    0.9755    0.9301   0.01995   0.01146         0
   266/299     4.74G    0.0142   0.00389         0   0.01809        10       640    0.9641    0.9451    0.9755    0.9311   0.01996   0.01147         0
   267/299     4.74G   0.01431   0.00386         0   0.01817         6       640    0.9671     0.942    0.9755    0.9313   0.01998   0.01147         0
   268/299     4.74G   0.01416  0.003861         0   0.01802        12       640    0.9641    0.9451    0.9754     0.931   0.01999   0.01148         0
   269/299     4.74G   0.01383  0.003831         0   0.01766         7       640    0.9651    0.9441    0.9755     0.931      0.02   0.01148         0
   270/299     4.74G   0.01413  0.003936         0   0.01807        17       640    0.9681    0.9421    0.9755    0.9312   0.02001   0.01149         0
   271/299     4.74G   0.01399  0.003807         0   0.01779        11       640    0.9681    0.9418    0.9755    0.9312   0.02002   0.01149         0
   272/299     4.74G   0.01397  0.003871         0   0.01784        12       640    0.9671    0.9431    0.9755    0.9314   0.02004    0.0115         0
   273/299     4.74G   0.01419  0.003935         0   0.01812         6       640    0.9671    0.9431    0.9755    0.9315   0.02005    0.0115         0
   274/299     4.74G   0.01423   0.00398         0   0.01821        16       640    0.9651    0.9441    0.9755    0.9314   0.02007   0.01151         0
   275/299     4.74G   0.01383  0.003806         0   0.01764         7       640     0.967    0.9421    0.9754    0.9315   0.02008   0.01151         0
   276/299     4.74G     0.014  0.003894         0    0.0179        14       640    0.9648    0.9442    0.9754    0.9325    0.0201   0.01151         0
   277/299     4.74G   0.01395  0.003866         0   0.01782        15       640    0.9661    0.9431    0.9756    0.9324   0.02013   0.01152         0
   278/299     4.74G   0.01415  0.003858         0   0.01801        10       640    0.9681    0.9419    0.9756    0.9322   0.02014   0.01152         0
   279/299     4.74G   0.01387  0.003778         0   0.01765        10       640    0.9681    0.9418    0.9756    0.9325   0.02016   0.01152         0
   280/299     4.74G   0.01394  0.003696         0   0.01763        10       640     0.967    0.9431    0.9758    0.9321   0.02019   0.01153         0
   281/299     4.74G     0.014  0.003908         0   0.01791        13       640    0.9671    0.9429    0.9758    0.9315   0.02021   0.01153         0
   282/299     4.74G   0.01404  0.003819         0   0.01786        19       640    0.9661     0.944    0.9761    0.9313   0.02024   0.01154         0
   283/299     4.74G   0.01391  0.003759         0   0.01767        13       640    0.9668    0.9431     0.976     0.931   0.02027   0.01154         0
   284/299     4.74G   0.01387  0.003745         0   0.01762         9       640     0.967    0.9431    0.9759    0.9313    0.0203   0.01154         0
   285/299     4.74G   0.01379  0.003827         0   0.01762         6       640     0.967    0.9431     0.976    0.9314   0.02033   0.01155         0
   286/299     4.74G   0.01399  0.003817         0    0.0178        10       640    0.9651    0.9442     0.976    0.9311   0.02035   0.01155         0
   287/299     4.74G   0.01389  0.003676         0   0.01756         4       640    0.9651    0.9442     0.976    0.9312   0.02037   0.01156         0
   288/299     4.74G   0.01376  0.003797         0   0.01755         8       640      0.97      0.94     0.976    0.9315    0.0204   0.01156         0
   289/299     4.74G   0.01381  0.003891         0   0.01771         9       640    0.9701      0.94    0.9759    0.9314   0.02042   0.01157         0
   290/299     4.74G    0.0139  0.003893         0    0.0178        12       640    0.9752    0.9358    0.9759    0.9315   0.02044   0.01157         0
   291/299     4.74G   0.01387  0.003877         0   0.01774        15       640    0.9701      0.94    0.9759    0.9309   0.02046   0.01158         0
   292/299     4.74G   0.01365   0.00376         0   0.01741        11       640    0.9711      0.94    0.9759    0.9311   0.02046   0.01159         0
   293/299     4.74G   0.01376  0.003788         0   0.01755        20       640    0.9661    0.9442    0.9758    0.9317   0.02047   0.01159         0
   294/299     4.74G   0.01382  0.003901         0   0.01772        11       640    0.9661     0.944    0.9759    0.9316   0.02048   0.01159         0
   295/299     4.74G   0.01361  0.003821         0   0.01743        16       640    0.9721    0.9383    0.9758    0.9317   0.02049    0.0116         0
   296/299     4.74G   0.01378  0.003746         0   0.01752        14       640    0.9721     0.939    0.9758    0.9316    0.0205   0.01161         0
   297/299     4.74G   0.01385  0.003801         0   0.01766         9       640      0.97    0.9411    0.9758    0.9315   0.02052   0.01161         0
   298/299     4.74G   0.01379  0.003849         0   0.01764         7       640     0.971    0.9411    0.9758    0.9317   0.02053   0.01162         0
   299/299     4.74G    0.0134  0.003637         0   0.01704        14       640    0.9722    0.9399     0.976    0.9318   0.02053   0.01162         0
